{
  "date": "31MAR2026",
  "stereo_rms_px": 3.4767524890153063,
  "baseline_mm": 180.32677090315937,
  "image_size": {
    "width": 2448,
    "height": 2048
  },
  "cam_left": {
    "cam_id": "24213548",
    "K": [
      [
        43739.42430353909,
        0.0,
        1220.316995508507
      ],
      [
        0.0,
        42320.322670862195,
        1022.7473621186081
      ],
      [
        0.0,
        0.0,
        1.0
      ]
    ],
    "dist": [
      16.004746071660097,
      0.1633092849098001,
      -0.011544949991995155,
      -0.10766819661623535,
      0.0007120370377879046
    ],
    "R_rect": [
      [
        0.7652215122163727,
        0.02276473485412622,
        0.6433644411127406
      ],
      [
        -0.0322365747194745,
        0.9994758328824356,
        0.002977034483789786
      ],
      [
        -0.642959439227424,
        -0.023017956707389705,
        0.76555426533811
      ]
    ],
    "P_rect": [
      [
        51084.35614045459,
        0.0,
        -26616.010498046875,
        0.0
      ],
      [
        0.0,
        51084.35614045459,
        737.2098236083984,
        0.0
      ],
      [
        0.0,
        0.0,
        1.0,
        0.0
      ]
    ]
  },
  "cam_right": {
    "cam_id": "25332589",
    "K": [
      [
        37599.161113867274,
        0.0,
        1233.2774857000118
      ],
      [
        0.0,
        37162.71147323848,
        1024.5139996185621
      ],
      [
        0.0,
        0.0,
        1.0
      ]
    ],
    "dist": [
      25.165884001603448,
      -0.24012491008321513,
      0.10626802380316638,
      0.06857294774571507,
      0.0019712101057649074
    ],
    "R_rect": [
      [
        0.8688922087077309,
        -0.08421589869236998,
        0.48778480096702226
      ],
      [
        0.09118842143274877,
        0.9957884522069002,
        0.00948842705562008
      ],
      [
        -0.4865295483766679,
        0.036235905657550395,
        0.8729123425050036
      ]
    ],
    "P_rect": [
      [
        51084.35614045459,
        0.0,
        -26616.010498046875,
        -9211876.986475158
      ],
      [
        0.0,
        51084.35614045459,
        737.2098236083984,
        0.0
      ],
      [
        0.0,
        0.0,
        1.0,
        0.0
      ]
    ]
  },
  "R": [
    [
      0.9747741731311204,
      0.12211964029017901,
      0.1868210503448097
    ],
    [
      -0.11984284377587053,
      0.9925152635322904,
      -0.023476465899717233
    ],
    [
      -0.1882896815873162,
      0.0004950866849207664,
      0.9821134103029657
    ]
  ],
  "T": [
    -156.68452625917914,
    15.186381069902682,
    -87.96065805402341
  ],
  "E": [
    [
      -13.400894257706717,
      87.30981428402258,
      12.849743113400557
    ],
    [
      -115.24385728168022,
      -10.66415149856074,
      137.4490718994337
    ],
    [
      3.9742271523066037,
      -157.36633926512735,
      0.8412632753212148
    ]
  ],
  "F": [
    [
      -2.8701721108941233e-08,
      1.9326860702788476e-07,
      0.0010411251182185243
    ],
    [
      -2.497253943262437e-07,
      -2.388335423356747e-08,
      0.013356632205838456
    ],
    [
      0.0006112848940251044,
      -0.013311380240413296,
      1.0
    ]
  ],
  "Q": [
    [
      1.0,
      0.0,
      0.0,
      26616.010498046875
    ],
    [
      0.0,
      1.0,
      0.0,
      -737.2098236083984
    ],
    [
      0.0,
      0.0,
      0.0,
      51084.35614045459
    ],
    [
      0.0,
      0.0,
      0.005545488309869578,
      -0.0
    ]
  ],
  "roi_left": [
    0,
    0,
    0,
    0
  ],
  "roi_right": [
    0,
    0,
    2448,
    2048
  ],
  "pairs_used": 71
}